3.53722
-0.136126
0.149526
-0.136126
0.0720577
0.0242997
0.149526
0.0242997
0.0588951

0.00120166
-7.13396e-05
4.45998e-05
-7.13396e-05
0.0013117
0.00010394
4.45998e-05
0.00010394
0.00343147

0.018
0
0
0
0.018
0
0
0
0.018

0.00120166
-7.13396e-05
4.45998e-05
-0.00183434
0.000726158
-0.000196458
-7.13396e-05
0.0013117
0.00010394
0.00340265
-0.00128863
-0.000176971
4.45998e-05
0.00010394
0.00343147
0.00669213
-0.000603925
0.000649451
-0.00183434
0.00340265
0.00669213
3.53722
-0.136126
0.149526
0.000726158
-0.00128863
-0.000603925
-0.136126
0.0720577
0.0242997
-0.000196458
-0.000176971
0.000649451
0.149526
0.0242997
0.0588951

